34912
77342
35823
77216
89478
65255
41442
31300
64302
85244
99107
27791
37413
90245
44196
88730
41581
44859
56137
31897
89201
86417
68150
62893
91498
53078
98808
61266
75099
47173
96575
31088
97318
25184
56571
23682
94651
25958
61209
19989
48370
49153
48695
18446
78322
59928
21572
11635
54466
61860
42869
45202
38879
57245
48038
10142
37941
19514
13179
50954
31722
61307
74927
97742
86578
43233
90874
50393
82362
45752
43009
94007
11504
20128
69562
69280
55679
82105
93245
35249
41399
64325
42575
34575
19231
95409
92789
10932
52675
38953
17562
16810
42246
23598
78319
28456
21294
58869
76195
54587
52661
37359
47436
93535
20478
24750
70415
46657
43201
20311
85030
49215
21784
59008
26736
34934
20098
15658
31470
53674
19949
28503
49491
59479
26735
34067
78608
85470
49796
19549
51775
60405
98453
72268
32854
63201
49319
92746
32348
24898
53140
37490
73204
28027
61881
94166
83953
55180
51363
16643
30510
26552
36903
52806
89309
81751
23921
59255
64361
63313
38526
71401
10658
53503
27509
93175
15504
57574
69829
78719
21894
52627
96241
98976
66918
50196
91336
97014
81747
78789
32816
93851
72139
94812
67922
46119
77592
63026
87266
38513
52471
58015
56549
86824
59921
63566
40463
14866
77338
68402
80126
78044
35958
39692
64608
20167
91738
89560
28077
75860
51320
36034
21181
58940
90615
50765
29170
98847
75128
81648
24111
72045
52613
92365
61495
81029
45863
64749
28508
91461
41284
62447
65316
57412
73928
35218
38962
86373
93424
24832
25604
30023
82110
17120
66201
55112
57055
45166
98848
53308
38141
53920
82149
76730
12074
39315
99797
58561
20352
43284
10492
43304
25440
22965
71384
24066
99332
91365
73078
80847
48012
86560
90492
38825
17203
24459
73333
54782
90315
85572
75348
81696
76695
58143
11158
87615
26507
49504
76996
10423
44352
83873
58152
93499
42945
97444
69179
93562
18694
90354
27801
65752
83690
67426
89978
13147
64766
84196
77632
83124
38241
38509
69917
43040
49664
32823
98264
84918
67788
51281
35905
95368
61045
93657
12846
46956
15192
86672
68512
40167
93468
84642
58659
65972
47797
28245
90530
66619
46808
98550
54522
26474
34333
99777
76004
45919
56344
85976
64537
12210
19661
23324
70816
86840
22804
38067
39514
60163
23013
47980
44272
66351
84575
31362
40579
60622
87434
51374
53812
22506
60109
17351
58725
82202
13470
98548
60335
50176
41062
52419
61820
11332
92091
37826
88983
39686
14041
74469
89201
56338
83504
28788
45100
26239
22937
55262
26706
10597
77121
16581
62800
95002
44279
77116
56339
35780
78861
58574
43586
33025
87171
49917
76702
22775
57533
31071
71953
31811
39555
88791
58092
35046
19137
84013
14391
86859
43886
29416
97463
81354
17012
61746
20703
76638
53222
88674
16397
70918
85269
84710
35511
98663
83689
67574
60695
84549
79708
71251
61743
28781
21073
26412
93892
49035
17531
74702
85200
28361
19008
65761
85617
67506
77646
20477
13625
29595
99455
14878
90856
44629
66235
46535
69404
32504
85695
37305
69713
95382
81930
72357
28498
20397
23936
73101
49099
11627
23020
62362
81933
63653
60159
13382
71186
73732
65964
60728
78298
26964
38590
48764
51057
22474
96549
81332
20346
11393
59511
87401
49628
18983
68918
94754
59457
96943
90602
71981
12035
42344
59313
73767
23753
32681
16209
63364
59334
93400
75362
85352
16734
79400
94115
74840
25721
60807
42822
30691
68082
27537
12371
54346
67295
95351
68555
79049
62688
42450
19900
57546
59047
89557
10911
19459
85843
45987
71180
30657
68406
38341
16302
91857
11206
62623
89152
24838
72281
96966
52232
99092
48595
97779
18505
88642
54268
61474
11689
66789
98313
59088
88548
93413
21772
41408
77791
68218
46382
40285
59087
21753
90040
50269
59134
57448
22385
98854
86270
71028
81754
43695
87499
12826
20130
16413
39884
51920
66868
21942
47343
66913
95425
92241
71524
88425
29005
83969
94543
38992
73609
88355
64897
90536
36414
80887
91317
81944
16453
34486
30617
35597
20315
71446
14096
97072
73689
98396
66204
61456
58690
18365
72722
82360
80288
60731
26847
19102
63639
98255
86686
42983
12953
68156
78321
25116
74759
29177
93275
54795
29237
58577
69293
94823
36232
61341
23470
53338
86065
40555
51569
25690
57864
35572
39156
88450
36312
59499
25222
57772
33330
70303
24473
57894
26620
28841
61285
64291
79145
60867
40841
71773
81814
65805
44394
28387
60764
29125
57441
10742
90700
47094
56597
26865
49962
97078
96463
69223
11270
93563
18770
22023
38617
86626
27116
64151
72314
88663
41371
42559
64746
84224
91088
91244
64042
43602
83682
59873
39980
11183
61976
30281
77078
93387
11395
84250
17410
94986
11887
90798
37114
35387
85668
53593
12032
44659
83983
45089
64612
63005
76182
69930
94942
66417
52901
58819
16753
59514
51345
45931
65086
43111
81903
24591
84951
29140
86579
94676
39440
11285
34856
81699
51170
11101
67559
71131
50263
10857
12101
33868
20871
46597
18673
32633
65648
88915
34899
58650
90294
53938
25866
22251
51576
23079
23087
92546
36640
56510
37419
74268
37015
93591
63531
18626
92976
62760
31061
49700
75153
83620
69384
53790
36104
11554
13765
56102
96187
73829
52501
84581
34272
75377
93873
31649
99045
39033
47995
97064
83610
15692
17153
39696
91476
40734
53063
23320
46858
98412
68088
24887
38495
24435
59044
97216
45686
85191
78673
31386
85462
92386
89714
29061
46465
77305
23068
38433
62923
82773
48931
47704
75376
63060
40450
11861
37567
13359
76226
98323
54611
42632
81909
27641
94106
38433
26115
74198
27644
45165
35504
71867
31960
29149
19889
93897
86037
49934
37684
38057
70138
42623
11976
19004
39605
53861
98392
45444
79076
27119
94801
16909
81085
61271
27059
11872
12964
69139
11480
63134
75406
93163
30136
78572
56633
76763
82007
92372
95914
30222
35570
11032
83292
58679
92089
29880
30601
65374
33621
80961
19699
96718
87153
84715
57223
49549
97826
81870
68680
20747
36568
72666
14735
11521
56106
71653
42310
36131
35137
67480
48104
28729
20780
47942
31102
61098
66789
53467
97164
54780
72899
65146
77712
15691
12865
35323
48236
18420
58417
97417
80636
65555
71854
65631
13457
94788
72159
57507
82766
21125
84311
54545
43488
98183
79801
49636
48409
21149
91191
75161
48019
71534
17994
41956
47100
44260
48957
25994
11419
97959
97033
19729