99935
68227
19997
96153
32087
88472
92391
99388
83669
73541
64264
45649
56674
12609
83790
43831
62490
71042
37989
25980
50535
27245
99844
22264
63274
70810
21446
43301
12129
22057
78684
54292
26526
63317
71247
27757
13485
62127
85629
49577
71966
37497
64686
97642
84124
44495
63999
98146
53261
79297
64796
47640
83757
13725
73576
51596
80461
37994
47774
95679
95028
94497
15838
86155
42609
95754
44949
77396
73703
56504
43766
49078
39316
23896
66807
61148
85060
84564
21411
48714
39308
35704
76077
90623
70462
72499
52132
70367
10244
24626
77263
81857
85595
50803
30937
47932
37400
23213
99670
53460
55119
99226
70890
36285
86644
47762
99979
93927
89331
60982
25249
58379
30295
31778
88925
63670
86495
63514
85743
45287
85838
69724
47518
88612
21955
41212
78904
61929
80670
26803
65188
93227
20682
19875
16915
37575
72721
53489
54831
46820
92783
33845
88765
88182
74718
42276
25946
81199
16695
89963
80001
38646
83031
46151
34849
56118
78305
74282
65049
11357
30924
89659
34315
46398
39771
39224
18380
54747
40991
72844
25497
87127
25491
80834
17392
95219
68822
68513
44004
72861
62291
57611
85253
57301
89510
62356
80754
53321
15705
44274
67057
39453
92544
88038
14145
14081
51514
67716
88402
18575
65426
56906
75825
72490
77045
17875
30866
82222
89974
95446
70279
79737
20377
27248
68049
19027
96905
36989
53228
59274
50441
63739
47871
72465
18195
24875
40915
95801
60437
81265
29948
25598
75590
69926
42500
59473
53170
46677
86546
88880
30707
89251
63669
31069
57247
90729
71718
24443
25743
84347
56138
67460
42628
26030
84319
96959
84045
52563
84802
93743
91751
72946
55926
65671
24488
72811
65559
11159
26160
55792
31332
42630
41805
95569
62309
65589
56388
46852
31852
98906
42846
97386
25055
16825
57169
74047
14556
88607
70378
47704
38462
39132
82006
99936
81005
45207
67276
14610
19622
96363
24055
35592
25023
20818
45212
86308
59334
14879
19778
51161
28627
78479
89252
84613
28697
72101
46667
64042
74256
55028
79021
16297
73038
65161
62663
96920
45519
78911
64305
11296
82102
16549
75126
30537
11961
74736
41474
99095
72525
20772
22489
52866
82531
13313
83938
61050
14339
56782
53590
67744
97834
61711
45852
61273
65857
35686
93231
36105
94164
99259
36700
65131
71498
18326
15804
54081
95331
29204
28640
60295
48053
32962
36865
55063
33397
95997
97020
33308
40629
63721
21065
84239
18712
15593
12395
71843
71750
11452
91945
67042
85905
12877
34177
46971
82983
44477
11869
79914
59029
88810
71722
65136
55676
67410
72900
88171
53140
44114
27095
56137
48311
41052
54960
53632
12244
98188
51327
66212
78292
71096
92291
64494
54471
58877
37147
51513
48602
76909
36496
33812
68779
90403
61488
46912
39212
16738
49819
78685
95383
65969
91743
59939
28172
58514
13412
53220
25267
52712
63166
52658
93433
35522
39186
65288
10070
10922
20226
74105
15597
55615
67911
15119
78642
37310
40207
28749
34403
99368
18734
57892
46639
51306
50298
46496
57503
41942
80300
46160
81627
76721
92693
98935
69056
18005
34604
68990
71479
17755
61663
39297
67356
45646
89591
80355
82314
11623
69750
73885
73427
56497
35957
86983
91000
38327
32439
35876
66295
73013
96922
27586
31427
82232
29700
55454
91817
37758
78165
16510
32738
24821
10168
45476
26075
15488
73392
51636
68817
87665
58678
38169
91137
14757
62898
48908
41505
93150
45193
14608
13624
83424
59726
48069
54324
42383
36743
69790
86738
81891
80056
81751
57894
30103
80112
54197
90432
57757
26560
19335
21062
93328
53012
40310
92205
17950
67246
22241
39341
77933
63895
51629
18831
47036
14033
70947
90998
88093
12512
24621
89779
29976
74283
26122
40835
88807
55332
31747
24205
36847
51024
33106
87000
82592
23442
11204
95532
89155
17870
15252
61649
67944
14314
65187
91999
73347
68950
64172
32314
48014
72963
25101
35045
92381
47252
38634
96288
14596
35217
18992
98319
97164
33947
81259
86025
89434
64631
80951
49890
57772
21846
79729
64888
70805
90327
34700
86557
12456
50857
37377
82083
44109
41150
96761
42578
76226
82576
85939
57187
41661
67348
25394
40288
97429
93706
28468
52092
42618
13450
51509
83434
99710
88631
50066
97062
93659
66559
22416
28815
82624
63629
71454
42569
95618
35248
34321
17556
25953
35181
66471
87861
49357
84473
77849
33044
90646
59246
65832
28723
71689
63015
19417
14161
78366
58499
15114
80098
41592
44983
43261
93253
91928
59520
60976
16608
29831
17453
13547
95722
98693
36902
88945
56159
13016
66509
75972
10077
94230
44662
46026
32546
54755
29942
48786
48067
53077
74787
47291
60962
14056
62794
34928
42127
18871
13852
22215
62903
34446
71922
65731
42484
99658
86579
91713
89110
16170
92699
48508
37284
23761
84512
26124
66072
62745
12561
64425
51917
88857
90405
32470
60260
54176
84198
17597
81190
12137
82080
37968
69095
93140
53933
77719
32184
96049
83209
35138
59658
96634
54587
54493
47139
71457
14027
77603
52026
33730
21366
61499
88526
34948
78572
39035
97640
78895
90549
12066
37541
61410
10662
36910
24446
74277
74442
27786
88272
31734
96082
45633
14899
21341
58583
55024
45931
59397
17574
27408
48858
25930
75946
39898
21780
42483
52698
82724
84807
89461
62078
76997
81020
78454
45101
35179
82766
62325
15327
87515
38713
69396
94674
22361
43514
22441
84059
92306
29872
95408
45939
51588
96992
40012
82142
94414
14060
95459
33790
86586
77880
85538
84378
63819
95113
98028
35947
32097
28972
85040
66901
58325
19720
84800
14769
75519
51258
75019
78460
47538
96733
58040
12620
57946
27974
69317
21348
26015
91948
13978
50732
80615
13071
68488
83029
95762
35497
96119
16797
44812
90885
97932
28064
40643
38078
88400
87970
33399
47360
26883
20274
24902
26349
17192
92746
23985
37745
33449
42163
11275
54932
28754
83756
28006
22925
58947
48888
63469
75384
65782
97166
71783
16892
14868
32882
99554
37642
79659
59689
55123
69374
44995
51581
39466
24038
56254
77923
14734
90892
92417
87988
80288
59195
43016
56707
52652
56404
27554
63556
48221
54619
76000
92964
72843
79198
89537
32896
39959
70131
52068
39833
31155
24807
39518
63486
85884
60067
84400
75975
66395
66662
39274
47860
26750
64882
75905
82038
44873
44933
27690
42420
49611
25197
25111
93143
22999
83955
29418
69955
31810
78563
54685